price,volRemaining,typeID,range,orderID,volEntered,minVolume,bid,issueDate,duration,stationID,regionID,solarSystemID,jumps,
3.88,200.0,34,32767,6721807444,200,1,False,2024-02-22 19:13:09.000,90,60012271,10000067,30005204,4,
3.89,3836229.0,34,32767,6718561595,3836229,1,False,2024-02-18 10:37:15.000,90,60007918,10000067,30005246,10,
3.9,133623827.0,34,32767,6686563509,137492028,1,False,2024-01-08 10:38:47.000,90,60010003,10000067,30005254,13,
3.9,130295.0,34,32767,6710466778,140295,1,False,2024-02-07 20:48:15.000,90,60007720,10000067,30005244,9,
3.9,782776.0,34,32767,6717036537,782776,1,False,2024-02-16 14:23:32.000,90,60008239,10000067,30005276,14,
3.9,105762148.0,34,32767,6719466445,105762148,1,False,2024-02-19 13:06:19.000,90,60010006,10000067,30005253,13,
3.91,29530.0,34,32767,6709730536,29530,1,False,2024-02-06 20:37:36.000,90,60006703,10000067,30005254,13,
3.99,4439135.0,34,32767,6710476090,5790200,1,False,2024-02-07 21:02:05.000,90,1043255211330,10000067,30005267,9,
4.0,5895198.0,34,32767,6679510901,6773448,1,False,2023-12-31 06:05:37.000,90,60007198,10000067,30005214,4,
4.0,4552590.0,34,32767,6693738307,10000000,1,False,2024-01-17 09:51:12.000,90,60007885,10000067,30005222,5,
4.0,298069836.0,34,32767,6676600737,303779275,1,False,2024-01-19 01:59:57.000,90,60001054,10000067,30005291,7,
4.0,606162.0,34,32767,6708369798,804418,1,False,2024-02-04 23:10:56.000,90,60007921,10000067,30005243,8,
4.0,112698501.0,34,32767,6714985004,112701501,1,False,2024-02-13 15:05:08.000,30,60012919,10000067,30005205,3,
4.0,1686089.0,34,32767,6715917814,1686089,1,False,2024-02-14 21:32:54.000,14,60012262,10000067,30005206,3,
4.06,11146670.0,34,32767,6720520225,11146670,1,False,2024-02-20 21:42:42.000,90,60012265,10000067,30005198,0,
4.11,2643040.0,34,32767,6663929773,3446433,1,False,2023-12-12 19:27:52.000,90,60012265,10000067,30005198,0,
4.12,14772663.0,34,32767,6673518749,14773163,1,False,2023-12-24 03:17:51.000,90,60006382,10000067,30005194,5,
4.19,21950148.0,34,32767,6697053448,25000000,1,False,2024-01-21 12:57:30.000,90,1032717532381,10000067,30005201,2,
4.5,39403.0,34,32767,6710792298,39403,1,False,2024-02-08 09:03:06.000,90,60009031,10000067,30005221,4,
4.75,464070745.0,34,32767,6704037513,464073523,1,False,2024-01-30 13:54:18.000,90,60008182,10000067,30005261,11,
4.75,88436025.0,34,32767,6681777261,91791495,1,False,2024-01-31 20:46:26.000,90,1037017873729,10000067,30005222,5,
5.0,6004794.0,34,32767,6666353204,6609250,1,False,2023-12-15 19:40:06.000,90,60012616,10000067,30005217,6,
5.0,139536.0,34,32767,6681285614,147876,1,False,2024-01-02 09:51:48.000,90,60001330,10000067,30005244,9,
5.0,108732.0,34,32767,6688524590,116890,1,False,2024-01-10 23:02:41.000,90,60005629,10000067,30005227,9,
5.0,18441729.0,34,32767,6700555081,18441729,1,False,2024-01-26 04:47:25.000,90,1036425181749,10000067,30005196,7,
34.0,17990093.0,34,32767,6709730117,17990093,1,False,2024-02-06 20:36:58.000,90,60006385,10000067,30005197,6,
3.28,1000000.0,34,-1,6719298103,1000000,1,True,2024-02-19 06:29:53.000,30,60008236,10000067,30005280,16,
3.27,80137.0,34,-1,6710263763,1000000,1,True,2024-02-13 14:08:45.000,90,1032717532381,10000067,30005201,2,
3.26,43797716.0,34,3,6713057439,60000000,1,True,2024-02-11 04:17:51.000,90,1043255211330,10000067,30005267,9,
3.25,15997161.0,34,-1,6693354186,20000000,1,True,2024-01-16 19:56:02.000,90,1043255211330,10000067,30005267,9,
3.1,7206959.0,34,0,6698989070,10000000,1,True,2024-01-23 22:09:25.000,90,1037017873729,10000067,30005222,5,
3.06,9995669.0,34,2,6721259935,10000000,1,True,2024-02-21 23:33:13.000,90,60001060,10000067,30005290,6,
3.05,32562324.0,34,10,6716442149,100000000,10000000,True,2024-02-15 17:40:21.000,30,60001060,10000067,30005290,6,
3.03,100000000.0,34,10,6716443721,100000000,10000000,True,2024-02-15 17:42:59.000,30,1032717532381,10000067,30005201,2,
3.01,18603106.0,34,1,6714441545,30000000,1,True,2024-02-12 19:54:26.000,90,60001060,10000067,30005290,6,
3.0,100204441.0,34,-1,6682040168,200000000,1,True,2024-01-03 06:21:30.000,90,60012613,10000067,30005216,6,
3.0,1900777.0,34,-1,6684772733,5000000,1,True,2024-01-06 13:35:37.000,90,60001054,10000067,30005291,7,
2.01,7614789.0,34,4,6717901429,10000000,1,True,2024-02-17 16:03:02.000,90,60012256,10000067,30005204,4,
2.0,135663.0,34,-1,6711576390,1000000,1,True,2024-02-09 11:37:10.000,90,60005629,10000067,30005227,9,
2.0,1000000.0,34,-1,6711581925,1000000,1,True,2024-02-09 11:53:08.000,90,60005494,10000067,30005273,12,
1.9,93649419.0,34,32767,6697487489,150000000,1,True,2024-02-06 20:00:23.000,90,1032717532381,10000067,30005201,2,
1.87,1443939.0,34,32767,6703924176,2000000,1,True,2024-02-04 23:53:24.000,90,60006127,10000067,30005231,6,
1.85,651554.0,34,-1,6651268209,1000000,1,True,2023-11-28 15:32:33.000,90,60007195,10000067,30005217,6,
1.8,5604094.0,34,3,6671013172,10000000,1,True,2023-12-21 02:57:31.000,90,60007198,10000067,30005214,4,
1.61,8606071.0,34,0,6695419500,10000000,1,True,2024-02-02 07:01:44.000,90,60012646,10000067,30005269,10,
1.6,7899831.0,34,0,6690512591,10000000,1,True,2024-01-31 18:57:25.000,90,60012646,10000067,30005269,10,
1.4,30000000.0,34,-1,6705261716,30000000,1,True,2024-02-01 05:42:06.000,90,60001063,10000067,30005290,6,
1.4,50000000.0,34,32767,6707795642,50000000,1,True,2024-02-04 10:29:25.000,90,60012256,10000067,30005204,4,
